0
1.0, 0.0, 0.0, 0.0, 0.0, 0.0, 0.0, 0.0, 0.0, 0.0, 0.0, 0.0, 0.0, 0.0, 0.0, 0.0, 0.0, 0.0, 0.0, 0.0, 0.0, 0.0, 0.0, 0.0, 0.0, 0.0, 0.0, 0.0, 0.0, 0.0, 0.0, 0.0, 0.0, 0.0, 0.0, 0.0, 0.0, 0.0, 0.0, 0.0, 0.0, 0.0, 0.0, 0.0, 0.0, 0.0, 0.0, 0.0, 0.0, 0.0, 
0
1.0, 0.5454739737726234, 0.0, 0.0, 0.0, 0.0, 0.0, 0.0, 0.0, 0.0, 0.0, 0.0, 0.0, 0.0, 0.0, 0.0, 0.0, 0.0, 0.0, 0.0, 0.0, 0.0, 0.0, 0.0, 0.0, 0.0, 0.0, 0.0, 0.0, 0.0, 0.0, 0.0, 0.0, 0.0, 0.0, 0.0, 0.0, 0.0, 0.0, 0.0, 0.0, 0.0, 0.0, 0.0, 0.0, 0.0, 0.0, 0.0, 0.0, 0.0, 
0
0.42383586761761266, 0.23119143493674674, 1.0, 0.0, 0.0, 0.0, 0.0, 0.0, 0.0, 0.0, 0.0, 0.0, 0.0, 0.0, 0.0, 0.0, 0.0, 0.0, 0.0, 0.0, 0.0, 0.0, 0.0, 0.0, 0.0, 0.0, 0.0, 0.0, 0.0, 0.0, 0.0, 0.0, 0.0, 0.0, 0.0, 0.0, 0.0, 0.0, 0.0, 0.0, 0.0, 0.0, 0.0, 0.0, 0.0, 0.0, 0.0, 0.0, 0.0, 0.0, 
0
0.42383586761761266, 0.23119143493674674, 1.0, 0.046201688020240696, 0.0, 0.0, 0.0, 0.0, 0.0, 0.0, 0.0, 0.0, 0.0, 0.0, 0.0, 0.0, 0.0, 0.0, 0.0, 0.0, 0.0, 0.0, 0.0, 0.0, 0.0, 0.0, 0.0, 0.0, 0.0, 0.0, 0.0, 0.0, 0.0, 0.0, 0.0, 0.0, 0.0, 0.0, 0.0, 0.0, 0.0, 0.0, 0.0, 0.0, 0.0, 0.0, 0.0, 0.0, 0.0, 0.0, 
0
0.42383586761761266, 0.23119143493674674, 1.0, 0.046201688020240696, 0.4052385611521109, 0.0, 0.0, 0.0, 0.0, 0.0, 0.0, 0.0, 0.0, 0.0, 0.0, 0.0, 0.0, 0.0, 0.0, 0.0, 0.0, 0.0, 0.0, 0.0, 0.0, 0.0, 0.0, 0.0, 0.0, 0.0, 0.0, 0.0, 0.0, 0.0, 0.0, 0.0, 0.0, 0.0, 0.0, 0.0, 0.0, 0.0, 0.0, 0.0, 0.0, 0.0, 0.0, 0.0, 0.0, 0.0, 
0
0.42383586761761266, 0.23119143493674674, 1.0, 0.046201688020240696, 0.4052385611521109, 0.8533135048981058, 0.0, 0.0, 0.0, 0.0, 0.0, 0.0, 0.0, 0.0, 0.0, 0.0, 0.0, 0.0, 0.0, 0.0, 0.0, 0.0, 0.0, 0.0, 0.0, 0.0, 0.0, 0.0, 0.0, 0.0, 0.0, 0.0, 0.0, 0.0, 0.0, 0.0, 0.0, 0.0, 0.0, 0.0, 0.0, 0.0, 0.0, 0.0, 0.0, 0.0, 0.0, 0.0, 0.0, 0.0, 
0
0.42383586761761266, 0.23119143493674674, 1.0, 0.046201688020240696, 0.4052385611521109, 0.8533135048981058, 0.6573716141960761, 0.0, 0.0, 0.0, 0.0, 0.0, 0.0, 0.0, 0.0, 0.0, 0.0, 0.0, 0.0, 0.0, 0.0, 0.0, 0.0, 0.0, 0.0, 0.0, 0.0, 0.0, 0.0, 0.0, 0.0, 0.0, 0.0, 0.0, 0.0, 0.0, 0.0, 0.0, 0.0, 0.0, 0.0, 0.0, 0.0, 0.0, 0.0, 0.0, 0.0, 0.0, 0.0, 0.0, 
0
0.42383586761761266, 0.23119143493674674, 1.0, 0.046201688020240696, 0.4052385611521109, 0.8533135048981058, 0.6573716141960761, 0.03302990033826359, 0.0, 0.0, 0.0, 0.0, 0.0, 0.0, 0.0, 0.0, 0.0, 0.0, 0.0, 0.0, 0.0, 0.0, 0.0, 0.0, 0.0, 0.0, 0.0, 0.0, 0.0, 0.0, 0.0, 0.0, 0.0, 0.0, 0.0, 0.0, 0.0, 0.0, 0.0, 0.0, 0.0, 0.0, 0.0, 0.0, 0.0, 0.0, 0.0, 0.0, 0.0, 0.0, 
0
0.42383586761761266, 0.23119143493674674, 1.0, 0.046201688020240696, 0.4052385611521109, 0.8533135048981058, 0.6573716141960761, 0.03302990033826359, 0.061073099039554726, 0.0, 0.0, 0.0, 0.0, 0.0, 0.0, 0.0, 0.0, 0.0, 0.0, 0.0, 0.0, 0.0, 0.0, 0.0, 0.0, 0.0, 0.0, 0.0, 0.0, 0.0, 0.0, 0.0, 0.0, 0.0, 0.0, 0.0, 0.0, 0.0, 0.0, 0.0, 0.0, 0.0, 0.0, 0.0, 0.0, 0.0, 0.0, 0.0, 0.0, 0.0, 
0
0.42383586761761266, 0.23119143493674674, 1.0, 0.046201688020240696, 0.4052385611521109, 0.8533135048981058, 0.6573716141960761, 0.03302990033826359, 0.061073099039554726, 0.5056507038269171, 0.0, 0.0, 0.0, 0.0, 0.0, 0.0, 0.0, 0.0, 0.0, 0.0, 0.0, 0.0, 0.0, 0.0, 0.0, 0.0, 0.0, 0.0, 0.0, 0.0, 0.0, 0.0, 0.0, 0.0, 0.0, 0.0, 0.0, 0.0, 0.0, 0.0, 0.0, 0.0, 0.0, 0.0, 0.0, 0.0, 0.0, 0.0, 0.0, 0.0, 
0
0.42383586761761266, 0.23119143493674674, 1.0, 0.046201688020240696, 0.4052385611521109, 0.8533135048981058, 0.6573716141960761, 0.03302990033826359, 0.061073099039554726, 0.5056507038269171, 0.39653248897655946, 0.0, 0.0, 0.0, 0.0, 0.0, 0.0, 0.0, 0.0, 0.0, 0.0, 0.0, 0.0, 0.0, 0.0, 0.0, 0.0, 0.0, 0.0, 0.0, 0.0, 0.0, 0.0, 0.0, 0.0, 0.0, 0.0, 0.0, 0.0, 0.0, 0.0, 0.0, 0.0, 0.0, 0.0, 0.0, 0.0, 0.0, 0.0, 0.0, 
0
0.42383586761761266, 0.23119143493674674, 1.0, 0.046201688020240696, 0.4052385611521109, 0.8533135048981058, 0.6573716141960761, 0.03302990033826359, 0.061073099039554726, 0.5056507038269171, 0.39653248897655946, 0.4504014318288749, 0.0, 0.0, 0.0, 0.0, 0.0, 0.0, 0.0, 0.0, 0.0, 0.0, 0.0, 0.0, 0.0, 0.0, 0.0, 0.0, 0.0, 0.0, 0.0, 0.0, 0.0, 0.0, 0.0, 0.0, 0.0, 0.0, 0.0, 0.0, 0.0, 0.0, 0.0, 0.0, 0.0, 0.0, 0.0, 0.0, 0.0, 0.0, 
0
0.42383586761761266, 0.23119143493674674, 1.0, 0.046201688020240696, 0.4052385611521109, 0.8533135048981058, 0.6573716141960761, 0.03302990033826359, 0.061073099039554726, 0.5056507038269171, 0.39653248897655946, 0.4504014318288749, 0.8973883815488999, 0.0, 0.0, 0.0, 0.0, 0.0, 0.0, 0.0, 0.0, 0.0, 0.0, 0.0, 0.0, 0.0, 0.0, 0.0, 0.0, 0.0, 0.0, 0.0, 0.0, 0.0, 0.0, 0.0, 0.0, 0.0, 0.0, 0.0, 0.0, 0.0, 0.0, 0.0, 0.0, 0.0, 0.0, 0.0, 0.0, 0.0, 
0
0.39511958350686704, 0.21552744933087467, 0.9322466872089891, 0.04307137060033263, 0.3777823061633927, 0.7954986880919506, 0.6128325095995176, 0.0307920151691893, 0.056935194257211386, 0.4713911935275372, 0.3696660992191325, 0.41988524273665395, 0.8365873458387982, 1.0, 0.0, 0.0, 0.0, 0.0, 0.0, 0.0, 0.0, 0.0, 0.0, 0.0, 0.0, 0.0, 0.0, 0.0, 0.0, 0.0, 0.0, 0.0, 0.0, 0.0, 0.0, 0.0, 0.0, 0.0, 0.0, 0.0, 0.0, 0.0, 0.0, 0.0, 0.0, 0.0, 0.0, 0.0, 0.0, 0.0, 
0
0.39511958350686704, 0.21552744933087467, 0.9322466872089891, 0.04307137060033263, 0.3777823061633927, 0.7954986880919506, 0.6128325095995176, 0.0307920151691893, 0.056935194257211386, 0.4713911935275372, 0.3696660992191325, 0.41988524273665395, 0.8365873458387982, 1.0, 0.31940777669255827, 0.0, 0.0, 0.0, 0.0, 0.0, 0.0, 0.0, 0.0, 0.0, 0.0, 0.0, 0.0, 0.0, 0.0, 0.0, 0.0, 0.0, 0.0, 0.0, 0.0, 0.0, 0.0, 0.0, 0.0, 0.0, 0.0, 0.0, 0.0, 0.0, 0.0, 0.0, 0.0, 0.0, 0.0, 0.0, 
0
0.39511958350686704, 0.21552744933087467, 0.9322466872089891, 0.04307137060033263, 0.3777823061633927, 0.7954986880919506, 0.6128325095995176, 0.0307920151691893, 0.056935194257211386, 0.4713911935275372, 0.3696660992191325, 0.41988524273665395, 0.8365873458387982, 1.0, 0.31940777669255827, 0.9299960514956959, 0.0, 0.0, 0.0, 0.0, 0.0, 0.0, 0.0, 0.0, 0.0, 0.0, 0.0, 0.0, 0.0, 0.0, 0.0, 0.0, 0.0, 0.0, 0.0, 0.0, 0.0, 0.0, 0.0, 0.0, 0.0, 0.0, 0.0, 0.0, 0.0, 0.0, 0.0, 0.0, 0.0, 0.0, 
0
0.39511958350686704, 0.21552744933087467, 0.9322466872089891, 0.04307137060033263, 0.3777823061633927, 0.7954986880919506, 0.6128325095995176, 0.0307920151691893, 0.056935194257211386, 0.4713911935275372, 0.3696660992191325, 0.41988524273665395, 0.8365873458387982, 1.0, 0.31940777669255827, 0.9299960514956959, 0.5353243484529079, 0.0, 0.0, 0.0, 0.0, 0.0, 0.0, 0.0, 0.0, 0.0, 0.0, 0.0, 0.0, 0.0, 0.0, 0.0, 0.0, 0.0, 0.0, 0.0, 0.0, 0.0, 0.0, 0.0, 0.0, 0.0, 0.0, 0.0, 0.0, 0.0, 0.0, 0.0, 0.0, 0.0, 
0
0.39511958350686704, 0.21552744933087467, 0.9322466872089891, 0.04307137060033263, 0.3777823061633927, 0.7954986880919506, 0.6128325095995176, 0.0307920151691893, 0.056935194257211386, 0.4713911935275372, 0.3696660992191325, 0.41988524273665395, 0.8365873458387982, 1.0, 0.31940777669255827, 0.9299960514956959, 0.5353243484529079, 0.5081101171345281, 0.0, 0.0, 0.0, 0.0, 0.0, 0.0, 0.0, 0.0, 0.0, 0.0, 0.0, 0.0, 0.0, 0.0, 0.0, 0.0, 0.0, 0.0, 0.0, 0.0, 0.0, 0.0, 0.0, 0.0, 0.0, 0.0, 0.0, 0.0, 0.0, 0.0, 0.0, 0.0, 
0
0.39511958350686704, 0.21552744933087467, 0.9322466872089891, 0.04307137060033263, 0.3777823061633927, 0.7954986880919506, 0.6128325095995176, 0.0307920151691893, 0.056935194257211386, 0.4713911935275372, 0.3696660992191325, 0.41988524273665395, 0.8365873458387982, 1.0, 0.31940777669255827, 0.9299960514956959, 0.5353243484529079, 0.5081101171345281, 0.42368346642732674, 0.0, 0.0, 0.0, 0.0, 0.0, 0.0, 0.0, 0.0, 0.0, 0.0, 0.0, 0.0, 0.0, 0.0, 0.0, 0.0, 0.0, 0.0, 0.0, 0.0, 0.0, 0.0, 0.0, 0.0, 0.0, 0.0, 0.0, 0.0, 0.0, 0.0, 0.0, 
0
0.39511958350686704, 0.21552744933087467, 0.9322466872089891, 0.04307137060033263, 0.3777823061633927, 0.7954986880919506, 0.6128325095995176, 0.0307920151691893, 0.056935194257211386, 0.4713911935275372, 0.3696660992191325, 0.41988524273665395, 0.8365873458387982, 1.0, 0.31940777669255827, 0.9299960514956959, 0.5353243484529079, 0.5081101171345281, 0.42368346642732674, 0.9381674371000979, 0.0, 0.0, 0.0, 0.0, 0.0, 0.0, 0.0, 0.0, 0.0, 0.0, 0.0, 0.0, 0.0, 0.0, 0.0, 0.0, 0.0, 0.0, 0.0, 0.0, 0.0, 0.0, 0.0, 0.0, 0.0, 0.0, 0.0, 0.0, 0.0, 0.0, 
0
0.39511958350686704, 0.21552744933087467, 0.9322466872089891, 0.04307137060033263, 0.3777823061633927, 0.7954986880919506, 0.6128325095995176, 0.0307920151691893, 0.056935194257211386, 0.4713911935275372, 0.3696660992191325, 0.41988524273665395, 0.8365873458387982, 1.0, 0.31940777669255827, 0.9299960514956959, 0.5353243484529079, 0.5081101171345281, 0.42368346642732674, 0.9381674371000979, 0.5170015937867583, 0.0, 0.0, 0.0, 0.0, 0.0, 0.0, 0.0, 0.0, 0.0, 0.0, 0.0, 0.0, 0.0, 0.0, 0.0, 0.0, 0.0, 0.0, 0.0, 0.0, 0.0, 0.0, 0.0, 0.0, 0.0, 0.0, 0.0, 0.0, 0.0, 
0
0.39511958350686704, 0.21552744933087467, 0.9322466872089891, 0.04307137060033263, 0.3777823061633927, 0.7954986880919506, 0.6128325095995176, 0.0307920151691893, 0.056935194257211386, 0.4713911935275372, 0.3696660992191325, 0.41988524273665395, 0.8365873458387982, 1.0, 0.31940777669255827, 0.9299960514956959, 0.5353243484529079, 0.5081101171345281, 0.42368346642732674, 0.9381674371000979, 0.5170015937867583, 0.10620069910305464, 0.0, 0.0, 0.0, 0.0, 0.0, 0.0, 0.0, 0.0, 0.0, 0.0, 0.0, 0.0, 0.0, 0.0, 0.0, 0.0, 0.0, 0.0, 0.0, 0.0, 0.0, 0.0, 0.0, 0.0, 0.0, 0.0, 0.0, 0.0, 
0
0.39511958350686704, 0.21552744933087467, 0.9322466872089891, 0.04307137060033263, 0.3777823061633927, 0.7954986880919506, 0.6128325095995176, 0.0307920151691893, 0.056935194257211386, 0.4713911935275372, 0.3696660992191325, 0.41988524273665395, 0.8365873458387982, 1.0, 0.31940777669255827, 0.9299960514956959, 0.5353243484529079, 0.5081101171345281, 0.42368346642732674, 0.9381674371000979, 0.5170015937867583, 0.10620069910305464, 0.19863749020765434, 0.0, 0.0, 0.0, 0.0, 0.0, 0.0, 0.0, 0.0, 0.0, 0.0, 0.0, 0.0, 0.0, 0.0, 0.0, 0.0, 0.0, 0.0, 0.0, 0.0, 0.0, 0.0, 0.0, 0.0, 0.0, 0.0, 0.0, 
0
0.39511958350686704, 0.21552744933087467, 0.9322466872089891, 0.04307137060033263, 0.3777823061633927, 0.7954986880919506, 0.6128325095995176, 0.0307920151691893, 0.056935194257211386, 0.4713911935275372, 0.3696660992191325, 0.41988524273665395, 0.8365873458387982, 1.0, 0.31940777669255827, 0.9299960514956959, 0.5353243484529079, 0.5081101171345281, 0.42368346642732674, 0.9381674371000979, 0.5170015937867583, 0.10620069910305464, 0.19863749020765434, 0.2525224996758284, 0.0, 0.0, 0.0, 0.0, 0.0, 0.0, 0.0, 0.0, 0.0, 0.0, 0.0, 0.0, 0.0, 0.0, 0.0, 0.0, 0.0, 0.0, 0.0, 0.0, 0.0, 0.0, 0.0, 0.0, 0.0, 0.0, 
0
0.39511958350686704, 0.21552744933087467, 0.9322466872089891, 0.04307137060033263, 0.3777823061633927, 0.7954986880919506, 0.6128325095995176, 0.0307920151691893, 0.056935194257211386, 0.4713911935275372, 0.3696660992191325, 0.41988524273665395, 0.8365873458387982, 1.0, 0.31940777669255827, 0.9299960514956959, 0.5353243484529079, 0.5081101171345281, 0.42368346642732674, 0.9381674371000979, 0.5170015937867583, 0.10620069910305464, 0.19863749020765434, 0.2525224996758284, 0.1524854702162035, 0.0, 0.0, 0.0, 0.0, 0.0, 0.0, 0.0, 0.0, 0.0, 0.0, 0.0, 0.0, 0.0, 0.0, 0.0, 0.0, 0.0, 0.0, 0.0, 0.0, 0.0, 0.0, 0.0, 0.0, 0.0, 
0
0.39511958350686704, 0.21552744933087467, 0.9322466872089891, 0.04307137060033263, 0.3777823061633927, 0.7954986880919506, 0.6128325095995176, 0.0307920151691893, 0.056935194257211386, 0.4713911935275372, 0.3696660992191325, 0.41988524273665395, 0.8365873458387982, 1.0, 0.31940777669255827, 0.9299960514956959, 0.5353243484529079, 0.5081101171345281, 0.42368346642732674, 0.9381674371000979, 0.5170015937867583, 0.10620069910305464, 0.19863749020765434, 0.2525224996758284, 0.1524854702162035, 0.0, 0.0, 0.0, 0.0, 0.0, 0.0, 0.0, 0.0, 0.0, 0.0, 0.0, 0.0, 0.0, 0.0, 0.0, 0.0, 0.0, 0.0, 0.0, 0.0, 0.0, 0.0, 0.0, 0.0, 0.0, 
0
0.39511958350686704, 0.21552744933087467, 0.9322466872089891, 0.04307137060033263, 0.3777823061633927, 0.7954986880919506, 0.6128325095995176, 0.0307920151691893, 0.056935194257211386, 0.4713911935275372, 0.3696660992191325, 0.41988524273665395, 0.8365873458387982, 1.0, 0.31940777669255827, 0.9299960514956959, 0.5353243484529079, 0.5081101171345281, 0.42368346642732674, 0.9381674371000979, 0.5170015937867583, 0.10620069910305464, 0.19863749020765434, 0.2525224996758284, 0.1524854702162035, 0.0, 0.7335807050973894, 0.0, 0.0, 0.0, 0.0, 0.0, 0.0, 0.0, 0.0, 0.0, 0.0, 0.0, 0.0, 0.0, 0.0, 0.0, 0.0, 0.0, 0.0, 0.0, 0.0, 0.0, 0.0, 0.0, 
0
0.39511958350686704, 0.21552744933087467, 0.9322466872089891, 0.04307137060033263, 0.3777823061633927, 0.7954986880919506, 0.6128325095995176, 0.0307920151691893, 0.056935194257211386, 0.4713911935275372, 0.3696660992191325, 0.41988524273665395, 0.8365873458387982, 1.0, 0.31940777669255827, 0.9299960514956959, 0.5353243484529079, 0.5081101171345281, 0.42368346642732674, 0.9381674371000979, 0.5170015937867583, 0.10620069910305464, 0.19863749020765434, 0.2525224996758284, 0.1524854702162035, 0.0, 0.7335807050973894, 0.46426044049055654, 0.0, 0.0, 0.0, 0.0, 0.0, 0.0, 0.0, 0.0, 0.0, 0.0, 0.0, 0.0, 0.0, 0.0, 0.0, 0.0, 0.0, 0.0, 0.0, 0.0, 0.0, 0.0, 
0
0.39511958350686704, 0.21552744933087467, 0.9322466872089891, 0.04307137060033263, 0.3777823061633927, 0.7954986880919506, 0.6128325095995176, 0.0307920151691893, 0.056935194257211386, 0.4713911935275372, 0.3696660992191325, 0.41988524273665395, 0.8365873458387982, 1.0, 0.31940777669255827, 0.9299960514956959, 0.5353243484529079, 0.5081101171345281, 0.42368346642732674, 0.9381674371000979, 0.5170015937867583, 0.10620069910305464, 0.19863749020765434, 0.2525224996758284, 0.1524854702162035, 0.0, 0.7335807050973894, 0.46426044049055654, 0.03660534360384192, 0.0, 0.0, 0.0, 0.0, 0.0, 0.0, 0.0, 0.0, 0.0, 0.0, 0.0, 0.0, 0.0, 0.0, 0.0, 0.0, 0.0, 0.0, 0.0, 0.0, 0.0, 
0
0.39511958350686704, 0.21552744933087467, 0.9322466872089891, 0.04307137060033263, 0.3777823061633927, 0.7954986880919506, 0.6128325095995176, 0.0307920151691893, 0.056935194257211386, 0.4713911935275372, 0.3696660992191325, 0.41988524273665395, 0.8365873458387982, 1.0, 0.31940777669255827, 0.9299960514956959, 0.5353243484529079, 0.5081101171345281, 0.42368346642732674, 0.9381674371000979, 0.5170015937867583, 0.10620069910305464, 0.19863749020765434, 0.2525224996758284, 0.1524854702162035, 0.0, 0.7335807050973894, 0.46426044049055654, 0.03660534360384192, 0.84332295443529, 0.0, 0.0, 0.0, 0.0, 0.0, 0.0, 0.0, 0.0, 0.0, 0.0, 0.0, 0.0, 0.0, 0.0, 0.0, 0.0, 0.0, 0.0, 0.0, 0.0, 
0
0.39511958350686704, 0.21552744933087467, 0.9322466872089891, 0.04307137060033263, 0.3777823061633927, 0.7954986880919506, 0.6128325095995176, 0.0307920151691893, 0.056935194257211386, 0.4713911935275372, 0.3696660992191325, 0.41988524273665395, 0.8365873458387982, 1.0, 0.31940777669255827, 0.9299960514956959, 0.5353243484529079, 0.5081101171345281, 0.42368346642732674, 0.9381674371000979, 0.5170015937867583, 0.10620069910305464, 0.19863749020765434, 0.2525224996758284, 0.1524854702162035, 0.0, 0.7335807050973894, 0.46426044049055654, 0.03660534360384192, 0.84332295443529, 0.4028160667030481, 0.0, 0.0, 0.0, 0.0, 0.0, 0.0, 0.0, 0.0, 0.0, 0.0, 0.0, 0.0, 0.0, 0.0, 0.0, 0.0, 0.0, 0.0, 0.0, 
0
0.39511958350686704, 0.21552744933087467, 0.9322466872089891, 0.04307137060033263, 0.3777823061633927, 0.7954986880919506, 0.6128325095995176, 0.0307920151691893, 0.056935194257211386, 0.4713911935275372, 0.3696660992191325, 0.41988524273665395, 0.8365873458387982, 1.0, 0.31940777669255827, 0.9299960514956959, 0.5353243484529079, 0.5081101171345281, 0.42368346642732674, 0.9381674371000979, 0.5170015937867583, 0.10620069910305464, 0.19863749020765434, 0.2525224996758284, 0.1524854702162035, 0.0, 0.7335807050973894, 0.46426044049055654, 0.03660534360384192, 0.84332295443529, 0.4028160667030481, 0.4055913085917554, 0.0, 0.0, 0.0, 0.0, 0.0, 0.0, 0.0, 0.0, 0.0, 0.0, 0.0, 0.0, 0.0, 0.0, 0.0, 0.0, 0.0, 0.0, 
0
0.39511958350686704, 0.21552744933087467, 0.9322466872089891, 0.04307137060033263, 0.3777823061633927, 0.7954986880919506, 0.6128325095995176, 0.0307920151691893, 0.056935194257211386, 0.4713911935275372, 0.3696660992191325, 0.41988524273665395, 0.8365873458387982, 1.0, 0.31940777669255827, 0.9299960514956959, 0.5353243484529079, 0.5081101171345281, 0.42368346642732674, 0.9381674371000979, 0.5170015937867583, 0.10620069910305464, 0.19863749020765434, 0.2525224996758284, 0.1524854702162035, 0.0, 0.7335807050973894, 0.46426044049055654, 0.03660534360384192, 0.84332295443529, 0.4028160667030481, 0.4055913085917554, 0.9598975231101489, 0.0, 0.0, 0.0, 0.0, 0.0, 0.0, 0.0, 0.0, 0.0, 0.0, 0.0, 0.0, 0.0, 0.0, 0.0, 0.0, 0.0, 
0
0.39511958350686704, 0.21552744933087467, 0.9322466872089891, 0.04307137060033263, 0.3777823061633927, 0.7954986880919506, 0.6128325095995176, 0.0307920151691893, 0.056935194257211386, 0.4713911935275372, 0.3696660992191325, 0.41988524273665395, 0.8365873458387982, 1.0, 0.31940777669255827, 0.9299960514956959, 0.5353243484529079, 0.5081101171345281, 0.42368346642732674, 0.9381674371000979, 0.5170015937867583, 0.10620069910305464, 0.19863749020765434, 0.2525224996758284, 0.1524854702162035, 0.0, 0.7335807050973894, 0.46426044049055654, 0.03660534360384192, 0.84332295443529, 0.4028160667030481, 0.4055913085917554, 0.9598975231101489, 0.909907455101959, 0.0, 0.0, 0.0, 0.0, 0.0, 0.0, 0.0, 0.0, 0.0, 0.0, 0.0, 0.0, 0.0, 0.0, 0.0, 0.0, 
0
0.39511958350686704, 0.21552744933087467, 0.9322466872089891, 0.04307137060033263, 0.3777823061633927, 0.7954986880919506, 0.6128325095995176, 0.0307920151691893, 0.056935194257211386, 0.4713911935275372, 0.3696660992191325, 0.41988524273665395, 0.8365873458387982, 1.0, 0.31940777669255827, 0.9299960514956959, 0.5353243484529079, 0.5081101171345281, 0.42368346642732674, 0.9381674371000979, 0.5170015937867583, 0.10620069910305464, 0.19863749020765434, 0.2525224996758284, 0.1524854702162035, 0.0, 0.7335807050973894, 0.46426044049055654, 0.03660534360384192, 0.84332295443529, 0.4028160667030481, 0.4055913085917554, 0.9598975231101489, 0.909907455101959, 0.8135127544849344, 0.0, 0.0, 0.0, 0.0, 0.0, 0.0, 0.0, 0.0, 0.0, 0.0, 0.0, 0.0, 0.0, 0.0, 0.0, 
0
0.39511958350686704, 0.21552744933087467, 0.9322466872089891, 0.04307137060033263, 0.3777823061633927, 0.7954986880919506, 0.6128325095995176, 0.0307920151691893, 0.056935194257211386, 0.4713911935275372, 0.3696660992191325, 0.41988524273665395, 0.8365873458387982, 1.0, 0.31940777669255827, 0.9299960514956959, 0.5353243484529079, 0.5081101171345281, 0.42368346642732674, 0.9381674371000979, 0.5170015937867583, 0.10620069910305464, 0.19863749020765434, 0.2525224996758284, 0.1524854702162035, 0.0, 0.7335807050973894, 0.46426044049055654, 0.03660534360384192, 0.84332295443529, 0.4028160667030481, 0.4055913085917554, 0.9598975231101489, 0.909907455101959, 0.8135127544849344, 0.22659888911217718, 0.0, 0.0, 0.0, 0.0, 0.0, 0.0, 0.0, 0.0, 0.0, 0.0, 0.0, 0.0, 0.0, 0.0, 
0
0.39511958350686704, 0.21552744933087467, 0.9322466872089891, 0.04307137060033263, 0.3777823061633927, 0.7954986880919506, 0.6128325095995176, 0.0307920151691893, 0.056935194257211386, 0.4713911935275372, 0.3696660992191325, 0.41988524273665395, 0.8365873458387982, 1.0, 0.31940777669255827, 0.9299960514956959, 0.5353243484529079, 0.5081101171345281, 0.42368346642732674, 0.9381674371000979, 0.5170015937867583, 0.10620069910305464, 0.19863749020765434, 0.2525224996758284, 0.1524854702162035, 0.0, 0.7335807050973894, 0.46426044049055654, 0.03660534360384192, 0.84332295443529, 0.4028160667030481, 0.4055913085917554, 0.9598975231101489, 0.909907455101959, 0.8135127544849344, 0.22659888911217718, 0.5546211755409698, 0.0, 0.0, 0.0, 0.0, 0.0, 0.0, 0.0, 0.0, 0.0, 0.0, 0.0, 0.0, 0.0, 
0
0.39511958350686704, 0.21552744933087467, 0.9322466872089891, 0.04307137060033263, 0.3777823061633927, 0.7954986880919506, 0.6128325095995176, 0.0307920151691893, 0.056935194257211386, 0.4713911935275372, 0.3696660992191325, 0.41988524273665395, 0.8365873458387982, 1.0, 0.31940777669255827, 0.9299960514956959, 0.5353243484529079, 0.5081101171345281, 0.42368346642732674, 0.9381674371000979, 0.5170015937867583, 0.10620069910305464, 0.19863749020765434, 0.2525224996758284, 0.1524854702162035, 0.0, 0.7335807050973894, 0.46426044049055654, 0.03660534360384192, 0.84332295443529, 0.4028160667030481, 0.4055913085917554, 0.9598975231101489, 0.909907455101959, 0.8135127544849344, 0.22659888911217718, 0.5546211755409698, 0.8374979785306315, 0.0, 0.0, 0.0, 0.0, 0.0, 0.0, 0.0, 0.0, 0.0, 0.0, 0.0, 0.0, 
0
0.39511958350686704, 0.21552744933087467, 0.9322466872089891, 0.04307137060033263, 0.3777823061633927, 0.7954986880919506, 0.6128325095995176, 0.0307920151691893, 0.056935194257211386, 0.4713911935275372, 0.3696660992191325, 0.41988524273665395, 0.8365873458387982, 1.0, 0.31940777669255827, 0.9299960514956959, 0.5353243484529079, 0.5081101171345281, 0.42368346642732674, 0.9381674371000979, 0.5170015937867583, 0.10620069910305464, 0.19863749020765434, 0.2525224996758284, 0.1524854702162035, 0.0, 0.7335807050973894, 0.46426044049055654, 0.03660534360384192, 0.84332295443529, 0.4028160667030481, 0.4055913085917554, 0.9598975231101489, 0.909907455101959, 0.8135127544849344, 0.22659888911217718, 0.5546211755409698, 0.8374979785306315, 0.6775230483677924, 0.0, 0.0, 0.0, 0.0, 0.0, 0.0, 0.0, 0.0, 0.0, 0.0, 0.0, 
0
0.39511958350686704, 0.21552744933087467, 0.9322466872089891, 0.04307137060033263, 0.3777823061633927, 0.7954986880919506, 0.6128325095995176, 0.0307920151691893, 0.056935194257211386, 0.4713911935275372, 0.3696660992191325, 0.41988524273665395, 0.8365873458387982, 1.0, 0.31940777669255827, 0.9299960514956959, 0.5353243484529079, 0.5081101171345281, 0.42368346642732674, 0.9381674371000979, 0.5170015937867583, 0.10620069910305464, 0.19863749020765434, 0.2525224996758284, 0.1524854702162035, 0.0, 0.7335807050973894, 0.46426044049055654, 0.03660534360384192, 0.84332295443529, 0.4028160667030481, 0.4055913085917554, 0.9598975231101489, 0.909907455101959, 0.8135127544849344, 0.22659888911217718, 0.5546211755409698, 0.8374979785306315, 0.6775230483677924, 0.20370139902818937, 0.0, 0.0, 0.0, 0.0, 0.0, 0.0, 0.0, 0.0, 0.0, 0.0, 
0
0.39511958350686704, 0.21552744933087467, 0.9322466872089891, 0.04307137060033263, 0.3777823061633927, 0.7954986880919506, 0.6128325095995176, 0.0307920151691893, 0.056935194257211386, 0.4713911935275372, 0.3696660992191325, 0.41988524273665395, 0.8365873458387982, 1.0, 0.31940777669255827, 0.9299960514956959, 0.5353243484529079, 0.5081101171345281, 0.42368346642732674, 0.9381674371000979, 0.5170015937867583, 0.10620069910305464, 0.19863749020765434, 0.2525224996758284, 0.1524854702162035, 0.0, 0.7335807050973894, 0.46426044049055654, 0.03660534360384192, 0.84332295443529, 0.4028160667030481, 0.4055913085917554, 0.9598975231101489, 0.909907455101959, 0.8135127544849344, 0.22659888911217718, 0.5546211755409698, 0.8374979785306315, 0.6775230483677924, 0.20370139902818937, 0.7862900851150254, 0.0, 0.0, 0.0, 0.0, 0.0, 0.0, 0.0, 0.0, 0.0, 
0
0.39511958350686704, 0.21552744933087467, 0.9322466872089891, 0.04307137060033263, 0.3777823061633927, 0.7954986880919506, 0.6128325095995176, 0.0307920151691893, 0.056935194257211386, 0.4713911935275372, 0.3696660992191325, 0.41988524273665395, 0.8365873458387982, 1.0, 0.31940777669255827, 0.9299960514956959, 0.5353243484529079, 0.5081101171345281, 0.42368346642732674, 0.9381674371000979, 0.5170015937867583, 0.10620069910305464, 0.19863749020765434, 0.2525224996758284, 0.1524854702162035, 0.0, 0.7335807050973894, 0.46426044049055654, 0.03660534360384192, 0.84332295443529, 0.4028160667030481, 0.4055913085917554, 0.9598975231101489, 0.909907455101959, 0.8135127544849344, 0.22659888911217718, 0.5546211755409698, 0.8374979785306315, 0.6775230483677924, 0.20370139902818937, 0.7862900851150254, 0.4821663014737927, 0.0, 0.0, 0.0, 0.0, 0.0, 0.0, 0.0, 0.0, 
0
0.39511958350686704, 0.21552744933087467, 0.9322466872089891, 0.04307137060033263, 0.3777823061633927, 0.7954986880919506, 0.6128325095995176, 0.0307920151691893, 0.056935194257211386, 0.4713911935275372, 0.3696660992191325, 0.41988524273665395, 0.8365873458387982, 1.0, 0.31940777669255827, 0.9299960514956959, 0.5353243484529079, 0.5081101171345281, 0.42368346642732674, 0.9381674371000979, 0.5170015937867583, 0.10620069910305464, 0.19863749020765434, 0.2525224996758284, 0.1524854702162035, 0.0, 0.7335807050973894, 0.46426044049055654, 0.03660534360384192, 0.84332295443529, 0.4028160667030481, 0.4055913085917554, 0.9598975231101489, 0.909907455101959, 0.8135127544849344, 0.22659888911217718, 0.5546211755409698, 0.8374979785306315, 0.6775230483677924, 0.20370139902818937, 0.7862900851150254, 0.4821663014737927, 0.48088582664809176, 0.0, 0.0, 0.0, 0.0, 0.0, 0.0, 0.0, 
0
0.39511958350686704, 0.21552744933087467, 0.9322466872089891, 0.04307137060033263, 0.3777823061633927, 0.7954986880919506, 0.6128325095995176, 0.0307920151691893, 0.056935194257211386, 0.4713911935275372, 0.3696660992191325, 0.41988524273665395, 0.8365873458387982, 1.0, 0.31940777669255827, 0.9299960514956959, 0.5353243484529079, 0.5081101171345281, 0.42368346642732674, 0.9381674371000979, 0.5170015937867583, 0.10620069910305464, 0.19863749020765434, 0.2525224996758284, 0.1524854702162035, 0.0, 0.7335807050973894, 0.46426044049055654, 0.03660534360384192, 0.84332295443529, 0.4028160667030481, 0.4055913085917554, 0.9598975231101489, 0.909907455101959, 0.8135127544849344, 0.22659888911217718, 0.5546211755409698, 0.8374979785306315, 0.6775230483677924, 0.20370139902818937, 0.7862900851150254, 0.4821663014737927, 0.48088582664809176, 0.4477628213303387, 0.0, 0.0, 0.0, 0.0, 0.0, 0.0, 
0
0.39511958350686704, 0.21552744933087467, 0.9322466872089891, 0.04307137060033263, 0.3777823061633927, 0.7954986880919506, 0.6128325095995176, 0.0307920151691893, 0.056935194257211386, 0.4713911935275372, 0.3696660992191325, 0.41988524273665395, 0.8365873458387982, 1.0, 0.31940777669255827, 0.9299960514956959, 0.5353243484529079, 0.5081101171345281, 0.42368346642732674, 0.9381674371000979, 0.5170015937867583, 0.10620069910305464, 0.19863749020765434, 0.2525224996758284, 0.1524854702162035, 0.0, 0.7335807050973894, 0.46426044049055654, 0.03660534360384192, 0.84332295443529, 0.4028160667030481, 0.4055913085917554, 0.9598975231101489, 0.909907455101959, 0.8135127544849344, 0.22659888911217718, 0.5546211755409698, 0.8374979785306315, 0.6775230483677924, 0.20370139902818937, 0.7862900851150254, 0.4821663014737927, 0.48088582664809176, 0.4477628213303387, 0.5692582754499043, 0.0, 0.0, 0.0, 0.0, 0.0, 
0
0.39511958350686704, 0.21552744933087467, 0.9322466872089891, 0.04307137060033263, 0.3777823061633927, 0.7954986880919506, 0.6128325095995176, 0.0307920151691893, 0.056935194257211386, 0.4713911935275372, 0.3696660992191325, 0.41988524273665395, 0.8365873458387982, 1.0, 0.31940777669255827, 0.9299960514956959, 0.5353243484529079, 0.5081101171345281, 0.42368346642732674, 0.9381674371000979, 0.5170015937867583, 0.10620069910305464, 0.19863749020765434, 0.2525224996758284, 0.1524854702162035, 0.0, 0.7335807050973894, 0.46426044049055654, 0.03660534360384192, 0.84332295443529, 0.4028160667030481, 0.4055913085917554, 0.9598975231101489, 0.909907455101959, 0.8135127544849344, 0.22659888911217718, 0.5546211755409698, 0.8374979785306315, 0.6775230483677924, 0.20370139902818937, 0.7862900851150254, 0.4821663014737927, 0.48088582664809176, 0.4477628213303387, 0.5692582754499043, 1.0, 0.0, 0.0, 0.0, 0.0, 
0
0.39511958350686704, 0.21552744933087467, 0.9322466872089891, 0.04307137060033263, 0.3777823061633927, 0.7954986880919506, 0.6128325095995176, 0.0307920151691893, 0.056935194257211386, 0.4713911935275372, 0.3696660992191325, 0.41988524273665395, 0.8365873458387982, 1.0, 0.31940777669255827, 0.9299960514956959, 0.5353243484529079, 0.5081101171345281, 0.42368346642732674, 0.9381674371000979, 0.5170015937867583, 0.10620069910305464, 0.19863749020765434, 0.2525224996758284, 0.1524854702162035, 0.0, 0.7335807050973894, 0.46426044049055654, 0.03660534360384192, 0.84332295443529, 0.4028160667030481, 0.4055913085917554, 0.9598975231101489, 0.909907455101959, 0.8135127544849344, 0.22659888911217718, 0.5546211755409698, 0.8374979785306315, 0.6775230483677924, 0.20370139902818937, 0.7862900851150254, 0.4821663014737927, 0.48088582664809176, 0.4477628213303387, 0.5692582754499043, 1.0, 0.6603625537805723, 0.0, 0.0, 0.0, 
0
0.39511958350686704, 0.21552744933087467, 0.9322466872089891, 0.04307137060033263, 0.3777823061633927, 0.7954986880919506, 0.6128325095995176, 0.0307920151691893, 0.056935194257211386, 0.4713911935275372, 0.3696660992191325, 0.41988524273665395, 0.8365873458387982, 1.0, 0.31940777669255827, 0.9299960514956959, 0.5353243484529079, 0.5081101171345281, 0.42368346642732674, 0.9381674371000979, 0.5170015937867583, 0.10620069910305464, 0.19863749020765434, 0.2525224996758284, 0.1524854702162035, 0.0, 0.7335807050973894, 0.46426044049055654, 0.03660534360384192, 0.84332295443529, 0.4028160667030481, 0.4055913085917554, 0.9598975231101489, 0.909907455101959, 0.8135127544849344, 0.22659888911217718, 0.5546211755409698, 0.8374979785306315, 0.6775230483677924, 0.20370139902818937, 0.7862900851150254, 0.4821663014737927, 0.48088582664809176, 0.4477628213303387, 0.5692582754499043, 1.0, 0.6603625537805723, 0.13292770896461384, 0.0, 0.0, 
0
0.39511958350686704, 0.21552744933087467, 0.9322466872089891, 0.04307137060033263, 0.3777823061633927, 0.7954986880919506, 0.6128325095995176, 0.0307920151691893, 0.056935194257211386, 0.4713911935275372, 0.3696660992191325, 0.41988524273665395, 0.8365873458387982, 1.0, 0.31940777669255827, 0.9299960514956959, 0.5353243484529079, 0.5081101171345281, 0.42368346642732674, 0.9381674371000979, 0.5170015937867583, 0.10620069910305464, 0.19863749020765434, 0.2525224996758284, 0.1524854702162035, 0.0, 0.7335807050973894, 0.46426044049055654, 0.03660534360384192, 0.84332295443529, 0.4028160667030481, 0.4055913085917554, 0.9598975231101489, 0.909907455101959, 0.8135127544849344, 0.22659888911217718, 0.5546211755409698, 0.8374979785306315, 0.6775230483677924, 0.20370139902818937, 0.7862900851150254, 0.4821663014737927, 0.48088582664809176, 0.4477628213303387, 0.5692582754499043, 1.0, 0.6603625537805723, 0.13292770896461384, 0.9325217762160736, 0.0, 
0
0.39511958350686704, 0.21552744933087467, 0.9322466872089891, 0.04307137060033263, 0.3777823061633927, 0.7954986880919506, 0.6128325095995176, 0.0307920151691893, 0.056935194257211386, 0.4713911935275372, 0.3696660992191325, 0.41988524273665395, 0.8365873458387982, 1.0, 0.31940777669255827, 0.9299960514956959, 0.5353243484529079, 0.5081101171345281, 0.42368346642732674, 0.9381674371000979, 0.5170015937867583, 0.10620069910305464, 0.19863749020765434, 0.2525224996758284, 0.1524854702162035, 0.0, 0.7335807050973894, 0.46426044049055654, 0.03660534360384192, 0.84332295443529, 0.4028160667030481, 0.4055913085917554, 0.9598975231101489, 0.909907455101959, 0.8135127544849344, 0.22659888911217718, 0.5546211755409698, 0.8374979785306315, 0.6775230483677924, 0.20370139902818937, 0.7862900851150254, 0.4821663014737927, 0.48088582664809176, 0.4477628213303387, 0.5692582754499043, 1.0, 0.6603625537805723, 0.13292770896461384, 0.9325217762160736, 0.34135470030392373, 
0
1.0, 0.1747088492283191, 0.7556891079296209, 0.03491411240485834, 0.30623436677572174, 0.6448397213007476, 0.4967685687100876, 0.024960335921626695, 0.04615227573169849, 0.3821147292989479, 0.2996552828598084, 0.3403634562289864, 0.6781466255190943, 0.8106106659301134, 0.2589153505680116, 0.7538647186153021, 0.43393962658801577, 0.4118794804162478, 0.3434423368642342, 0.7604885309416581, 0.41908700622641415, 0.08608741942217073, 0.16101766821591307, 0.2046974316245601, 0.12360634855662321, 0.0, 0.594648343872477, 0.37633446483105787, 0.02967268195531092, 0.6836065816889412, 0.3265270000775068, 0.328776640753029, 0.7781031704329843, 0.7375806881149738, 0.6594421156556736, 0.1836834764022459, 0.44958184044420785, 0.678884794091839, 0.5492074094204167, 0.16512252671713634, 0.6373751295093363, 0.39084914672673093, 0.38981118017556277, 0.36296131877733223, 0.4614468297486748, 0.8106106659301134, 0.5352969294753801, 0.10775261868436993, 0.7559120980128436, 0.27670576093173793, 
0
1.0, 0.5953604439420022, 0.7556891079296209, 0.03491411240485834, 0.30623436677572174, 0.6448397213007476, 0.4967685687100876, 0.024960335921626695, 0.04615227573169849, 0.3821147292989479, 0.2996552828598084, 0.3403634562289864, 0.6781466255190943, 0.8106106659301134, 0.2589153505680116, 0.7538647186153021, 0.43393962658801577, 0.4118794804162478, 0.3434423368642342, 0.7604885309416581, 0.41908700622641415, 0.08608741942217073, 0.16101766821591307, 0.2046974316245601, 0.12360634855662321, 0.0, 0.594648343872477, 0.37633446483105787, 0.02967268195531092, 0.6836065816889412, 0.3265270000775068, 0.328776640753029, 0.7781031704329843, 0.7375806881149738, 0.6594421156556736, 0.1836834764022459, 0.44958184044420785, 0.678884794091839, 0.5492074094204167, 0.16512252671713634, 0.6373751295093363, 0.39084914672673093, 0.38981118017556277, 0.36296131877733223, 0.4614468297486748, 0.8106106659301134, 0.5352969294753801, 0.10775261868436993, 0.7559120980128436, 0.27670576093173793, 
0
0.6635002692477391, 0.3950218148549719, 1.0, 0.023165522981169334, 0.20318658480860224, 0.42785132870468306, 0.3296060790929571, 0.016561189604513325, 0.030622047374377844, 0.25353322577337883, 0.19882136085899027, 0.2258312448500235, 0.44995046862136473, 0.5378403950997193, 0.17179040481424845, 0.500189443777624, 0.2879190590784118, 0.27328214615379925, 0.22787408298049208, 0.5045843450396077, 0.27806434146945463, 0.05711902596545332, 0.10683526621490143, 0.13581680099721627, 0.08201284554804938, 0.0, 0.3945493362671106, 0.24969801874261066, 0.019687832466651324, 0.453573151010139, 0.21665075246808227, 0.21814338966200192, 0.5162716630848044, 0.48938498515621776, 0.4375400212908381, 0.12187403604925086, 0.29829767218362596, 0.45044024366813107, 0.3643992640232997, 0.10955884093568695, 0.4228985700412572, 0.25932851408843505, 0.2586398230022648, 0.24082493273527436, 0.30617009578176135, 0.5378403950997193, 0.35516965683440266, 0.0714938915092284, 0.501547880559145, 0.18359434688060863, 
0
0.6635002692477391, 0.3950218148549719, 1.0, 0.023357275670170173, 0.20318658480860224, 0.42785132870468306, 0.3296060790929571, 0.016561189604513325, 0.030622047374377844, 0.25353322577337883, 0.19882136085899027, 0.2258312448500235, 0.44995046862136473, 0.5378403950997193, 0.17179040481424845, 0.500189443777624, 0.2879190590784118, 0.27328214615379925, 0.22787408298049208, 0.5045843450396077, 0.27806434146945463, 0.05711902596545332, 0.10683526621490143, 0.13581680099721627, 0.08201284554804938, 0.0, 0.3945493362671106, 0.24969801874261066, 0.019687832466651324, 0.453573151010139, 0.21665075246808227, 0.21814338966200192, 0.5162716630848044, 0.48938498515621776, 0.4375400212908381, 0.12187403604925086, 0.29829767218362596, 0.45044024366813107, 0.3643992640232997, 0.10955884093568695, 0.4228985700412572, 0.25932851408843505, 0.2586398230022648, 0.24082493273527436, 0.30617009578176135, 0.5378403950997193, 0.35516965683440266, 0.0714938915092284, 0.501547880559145, 0.18359434688060863, 
0
0.6635002692477391, 0.3950218148549719, 1.0, 0.023357275670170173, 0.6956561435057496, 0.42785132870468306, 0.3296060790929571, 0.016561189604513325, 0.030622047374377844, 0.25353322577337883, 0.19882136085899027, 0.2258312448500235, 0.44995046862136473, 0.5378403950997193, 0.17179040481424845, 0.500189443777624, 0.2879190590784118, 0.27328214615379925, 0.22787408298049208, 0.5045843450396077, 0.27806434146945463, 0.05711902596545332, 0.10683526621490143, 0.13581680099721627, 0.08201284554804938, 0.0, 0.3945493362671106, 0.24969801874261066, 0.019687832466651324, 0.453573151010139, 0.21665075246808227, 0.21814338966200192, 0.5162716630848044, 0.48938498515621776, 0.4375400212908381, 0.12187403604925086, 0.29829767218362596, 0.45044024366813107, 0.3643992640232997, 0.10955884093568695, 0.4228985700412572, 0.25932851408843505, 0.2586398230022648, 0.24082493273527436, 0.30617009578176135, 0.5378403950997193, 0.35516965683440266, 0.0714938915092284, 0.501547880559145, 0.18359434688060863, 
0
0.6635002692477391, 0.3950218148549719, 1.0, 0.023357275670170173, 0.6956561435057496, 0.877016529373669, 0.3296060790929571, 0.016561189604513325, 0.030622047374377844, 0.25353322577337883, 0.19882136085899027, 0.2258312448500235, 0.44995046862136473, 0.5378403950997193, 0.17179040481424845, 0.500189443777624, 0.2879190590784118, 0.27328214615379925, 0.22787408298049208, 0.5045843450396077, 0.27806434146945463, 0.05711902596545332, 0.10683526621490143, 0.13581680099721627, 0.08201284554804938, 0.0, 0.3945493362671106, 0.24969801874261066, 0.019687832466651324, 0.453573151010139, 0.21665075246808227, 0.21814338966200192, 0.5162716630848044, 0.48938498515621776, 0.4375400212908381, 0.12187403604925086, 0.29829767218362596, 0.45044024366813107, 0.3643992640232997, 0.10955884093568695, 0.4228985700412572, 0.25932851408843505, 0.2586398230022648, 0.24082493273527436, 0.30617009578176135, 0.5378403950997193, 0.35516965683440266, 0.0714938915092284, 0.501547880559145, 0.18359434688060863, 
0
0.6635002692477391, 0.3950218148549719, 1.0, 0.023357275670170173, 0.6956561435057496, 0.877016529373669, 0.6385470181640486, 0.016561189604513325, 0.030622047374377844, 0.25353322577337883, 0.19882136085899027, 0.2258312448500235, 0.44995046862136473, 0.5378403950997193, 0.17179040481424845, 0.500189443777624, 0.2879190590784118, 0.27328214615379925, 0.22787408298049208, 0.5045843450396077, 0.27806434146945463, 0.05711902596545332, 0.10683526621490143, 0.13581680099721627, 0.08201284554804938, 0.0, 0.3945493362671106, 0.24969801874261066, 0.019687832466651324, 0.453573151010139, 0.21665075246808227, 0.21814338966200192, 0.5162716630848044, 0.48938498515621776, 0.4375400212908381, 0.12187403604925086, 0.29829767218362596, 0.45044024366813107, 0.3643992640232997, 0.10955884093568695, 0.4228985700412572, 0.25932851408843505, 0.2586398230022648, 0.24082493273527436, 0.30617009578176135, 0.5378403950997193, 0.35516965683440266, 0.0714938915092284, 0.501547880559145, 0.18359434688060863, 
0
0.6635002692477391, 0.3950218148549719, 1.0, 0.023357275670170173, 0.6956561435057496, 0.877016529373669, 0.6385470181640486, 0.496562168515785, 0.030622047374377844, 0.25353322577337883, 0.19882136085899027, 0.2258312448500235, 0.44995046862136473, 0.5378403950997193, 0.17179040481424845, 0.500189443777624, 0.2879190590784118, 0.27328214615379925, 0.22787408298049208, 0.5045843450396077, 0.27806434146945463, 0.05711902596545332, 0.10683526621490143, 0.13581680099721627, 0.08201284554804938, 0.0, 0.3945493362671106, 0.24969801874261066, 0.019687832466651324, 0.453573151010139, 0.21665075246808227, 0.21814338966200192, 0.5162716630848044, 0.48938498515621776, 0.4375400212908381, 0.12187403604925086, 0.29829767218362596, 0.45044024366813107, 0.3643992640232997, 0.10955884093568695, 0.4228985700412572, 0.25932851408843505, 0.2586398230022648, 0.24082493273527436, 0.30617009578176135, 0.5378403950997193, 0.35516965683440266, 0.0714938915092284, 0.501547880559145, 0.18359434688060863, 
0
0.6635002692477391, 0.3950218148549719, 1.0, 0.023357275670170173, 0.6956561435057496, 0.877016529373669, 0.6385470181640486, 0.496562168515785, 0.2882018602506425, 0.25353322577337883, 0.19882136085899027, 0.2258312448500235, 0.44995046862136473, 0.5378403950997193, 0.17179040481424845, 0.500189443777624, 0.2879190590784118, 0.27328214615379925, 0.22787408298049208, 0.5045843450396077, 0.27806434146945463, 0.05711902596545332, 0.10683526621490143, 0.13581680099721627, 0.08201284554804938, 0.0, 0.3945493362671106, 0.24969801874261066, 0.019687832466651324, 0.453573151010139, 0.21665075246808227, 0.21814338966200192, 0.5162716630848044, 0.48938498515621776, 0.4375400212908381, 0.12187403604925086, 0.29829767218362596, 0.45044024366813107, 0.3643992640232997, 0.10955884093568695, 0.4228985700412572, 0.25932851408843505, 0.2586398230022648, 0.24082493273527436, 0.30617009578176135, 0.5378403950997193, 0.35516965683440266, 0.0714938915092284, 0.501547880559145, 0.18359434688060863, 
0
0.6635002692477391, 0.3950218148549719, 1.0, 0.023357275670170173, 0.6956561435057496, 0.877016529373669, 0.6385470181640486, 0.496562168515785, 0.2882018602506425, 0.7497409085558144, 0.19882136085899027, 0.2258312448500235, 0.44995046862136473, 0.5378403950997193, 0.17179040481424845, 0.500189443777624, 0.2879190590784118, 0.27328214615379925, 0.22787408298049208, 0.5045843450396077, 0.27806434146945463, 0.05711902596545332, 0.10683526621490143, 0.13581680099721627, 0.08201284554804938, 0.0, 0.3945493362671106, 0.24969801874261066, 0.019687832466651324, 0.453573151010139, 0.21665075246808227, 0.21814338966200192, 0.5162716630848044, 0.48938498515621776, 0.4375400212908381, 0.12187403604925086, 0.29829767218362596, 0.45044024366813107, 0.3643992640232997, 0.10955884093568695, 0.4228985700412572, 0.25932851408843505, 0.2586398230022648, 0.24082493273527436, 0.30617009578176135, 0.5378403950997193, 0.35516965683440266, 0.0714938915092284, 0.501547880559145, 0.18359434688060863, 
0
0.6635002692477391, 0.3950218148549719, 1.0, 0.023357275670170173, 0.6956561435057496, 0.877016529373669, 0.6385470181640486, 0.496562168515785, 0.2882018602506425, 0.7497409085558144, 0.6178439745392934, 0.2258312448500235, 0.44995046862136473, 0.5378403950997193, 0.17179040481424845, 0.500189443777624, 0.2879190590784118, 0.27328214615379925, 0.22787408298049208, 0.5045843450396077, 0.27806434146945463, 0.05711902596545332, 0.10683526621490143, 0.13581680099721627, 0.08201284554804938, 0.0, 0.3945493362671106, 0.24969801874261066, 0.019687832466651324, 0.453573151010139, 0.21665075246808227, 0.21814338966200192, 0.5162716630848044, 0.48938498515621776, 0.4375400212908381, 0.12187403604925086, 0.29829767218362596, 0.45044024366813107, 0.3643992640232997, 0.10955884093568695, 0.4228985700412572, 0.25932851408843505, 0.2586398230022648, 0.24082493273527436, 0.30617009578176135, 0.5378403950997193, 0.35516965683440266, 0.0714938915092284, 0.501547880559145, 0.18359434688060863, 
0
0.6635002692477391, 0.3950218148549719, 1.0, 0.023357275670170173, 0.6956561435057496, 0.877016529373669, 0.6385470181640486, 0.496562168515785, 0.2882018602506425, 0.7497409085558144, 0.6178439745392934, 0.45460917597692335, 0.44995046862136473, 0.5378403950997193, 0.17179040481424845, 0.500189443777624, 0.2879190590784118, 0.27328214615379925, 0.22787408298049208, 0.5045843450396077, 0.27806434146945463, 0.05711902596545332, 0.10683526621490143, 0.13581680099721627, 0.08201284554804938, 0.0, 0.3945493362671106, 0.24969801874261066, 0.019687832466651324, 0.453573151010139, 0.21665075246808227, 0.21814338966200192, 0.5162716630848044, 0.48938498515621776, 0.4375400212908381, 0.12187403604925086, 0.29829767218362596, 0.45044024366813107, 0.3643992640232997, 0.10955884093568695, 0.4228985700412572, 0.25932851408843505, 0.2586398230022648, 0.24082493273527436, 0.30617009578176135, 0.5378403950997193, 0.35516965683440266, 0.0714938915092284, 0.501547880559145, 0.18359434688060863, 
0
0.6635002692477391, 0.3950218148549719, 1.0, 0.023357275670170173, 0.6956561435057496, 0.877016529373669, 0.6385470181640486, 0.496562168515785, 0.2882018602506425, 0.7497409085558144, 0.6178439745392934, 0.45460917597692335, 0.6808889522278407, 0.5378403950997193, 0.17179040481424845, 0.500189443777624, 0.2879190590784118, 0.27328214615379925, 0.22787408298049208, 0.5045843450396077, 0.27806434146945463, 0.05711902596545332, 0.10683526621490143, 0.13581680099721627, 0.08201284554804938, 0.0, 0.3945493362671106, 0.24969801874261066, 0.019687832466651324, 0.453573151010139, 0.21665075246808227, 0.21814338966200192, 0.5162716630848044, 0.48938498515621776, 0.4375400212908381, 0.12187403604925086, 0.29829767218362596, 0.45044024366813107, 0.3643992640232997, 0.10955884093568695, 0.4228985700412572, 0.25932851408843505, 0.2586398230022648, 0.24082493273527436, 0.30617009578176135, 0.5378403950997193, 0.35516965683440266, 0.0714938915092284, 0.501547880559145, 0.18359434688060863, 
0
0.6635002692477391, 0.3950218148549719, 1.0, 0.023357275670170173, 0.6956561435057496, 0.877016529373669, 0.6385470181640486, 0.496562168515785, 0.2882018602506425, 0.7497409085558144, 0.6178439745392934, 0.45460917597692335, 0.6808889522278407, 0.778895157631935, 0.17179040481424845, 0.500189443777624, 0.2879190590784118, 0.27328214615379925, 0.22787408298049208, 0.5045843450396077, 0.27806434146945463, 0.05711902596545332, 0.10683526621490143, 0.13581680099721627, 0.08201284554804938, 0.0, 0.3945493362671106, 0.24969801874261066, 0.019687832466651324, 0.453573151010139, 0.21665075246808227, 0.21814338966200192, 0.5162716630848044, 0.48938498515621776, 0.4375400212908381, 0.12187403604925086, 0.29829767218362596, 0.45044024366813107, 0.3643992640232997, 0.10955884093568695, 0.4228985700412572, 0.25932851408843505, 0.2586398230022648, 0.24082493273527436, 0.30617009578176135, 0.5378403950997193, 0.35516965683440266, 0.0714938915092284, 0.501547880559145, 0.18359434688060863, 
0
0.6635002692477391, 0.3950218148549719, 1.0, 0.023357275670170173, 0.6956561435057496, 0.877016529373669, 0.6385470181640486, 0.496562168515785, 0.2882018602506425, 0.7497409085558144, 0.6178439745392934, 0.45460917597692335, 0.6808889522278407, 0.778895157631935, 0.41324346614421004, 0.500189443777624, 0.2879190590784118, 0.27328214615379925, 0.22787408298049208, 0.5045843450396077, 0.27806434146945463, 0.05711902596545332, 0.10683526621490143, 0.13581680099721627, 0.08201284554804938, 0.0, 0.3945493362671106, 0.24969801874261066, 0.019687832466651324, 0.453573151010139, 0.21665075246808227, 0.21814338966200192, 0.5162716630848044, 0.48938498515621776, 0.4375400212908381, 0.12187403604925086, 0.29829767218362596, 0.45044024366813107, 0.3643992640232997, 0.10955884093568695, 0.4228985700412572, 0.25932851408843505, 0.2586398230022648, 0.24082493273527436, 0.30617009578176135, 0.5378403950997193, 0.35516965683440266, 0.0714938915092284, 0.501547880559145, 0.18359434688060863, 
0
0.6635002692477391, 0.3950218148549719, 1.0, 0.023357275670170173, 0.6956561435057496, 0.877016529373669, 0.6385470181640486, 0.496562168515785, 0.2882018602506425, 0.7497409085558144, 0.6178439745392934, 0.45460917597692335, 0.6808889522278407, 0.778895157631935, 0.41324346614421004, 0.500189443777624, 0.2879190590784118, 0.27328214615379925, 0.22787408298049208, 0.5045843450396077, 0.27806434146945463, 0.05711902596545332, 0.10683526621490143, 0.13581680099721627, 0.08201284554804938, 0.0, 0.3945493362671106, 0.24969801874261066, 0.019687832466651324, 0.453573151010139, 0.21665075246808227, 0.21814338966200192, 0.5162716630848044, 0.48938498515621776, 0.4375400212908381, 0.12187403604925086, 0.29829767218362596, 0.45044024366813107, 0.3643992640232997, 0.10955884093568695, 0.4228985700412572, 0.25932851408843505, 0.2586398230022648, 0.24082493273527436, 0.30617009578176135, 0.5378403950997193, 0.35516965683440266, 0.0714938915092284, 0.501547880559145, 0.18359434688060863, 
0
0.6635002692477391, 0.3950218148549719, 1.0, 0.023357275670170173, 0.6956561435057496, 0.877016529373669, 0.6385470181640486, 0.496562168515785, 0.2882018602506425, 0.7497409085558144, 0.6178439745392934, 0.45460917597692335, 0.6808889522278407, 0.778895157631935, 0.41324346614421004, 0.500189443777624, 0.7896993368137685, 0.27328214615379925, 0.22787408298049208, 0.5045843450396077, 0.27806434146945463, 0.05711902596545332, 0.10683526621490143, 0.13581680099721627, 0.08201284554804938, 0.0, 0.3945493362671106, 0.24969801874261066, 0.019687832466651324, 0.453573151010139, 0.21665075246808227, 0.21814338966200192, 0.5162716630848044, 0.48938498515621776, 0.4375400212908381, 0.12187403604925086, 0.29829767218362596, 0.45044024366813107, 0.3643992640232997, 0.10955884093568695, 0.4228985700412572, 0.25932851408843505, 0.2586398230022648, 0.24082493273527436, 0.30617009578176135, 0.5378403950997193, 0.35516965683440266, 0.0714938915092284, 0.501547880559145, 0.18359434688060863, 
0
0.6635002692477391, 0.3950218148549719, 1.0, 0.023357275670170173, 0.6956561435057496, 0.877016529373669, 0.6385470181640486, 0.496562168515785, 0.2882018602506425, 0.7497409085558144, 0.6178439745392934, 0.45460917597692335, 0.6808889522278407, 0.778895157631935, 0.41324346614421004, 0.500189443777624, 0.7896993368137685, 0.6097077897149483, 0.22787408298049208, 0.5045843450396077, 0.27806434146945463, 0.05711902596545332, 0.10683526621490143, 0.13581680099721627, 0.08201284554804938, 0.0, 0.3945493362671106, 0.24969801874261066, 0.019687832466651324, 0.453573151010139, 0.21665075246808227, 0.21814338966200192, 0.5162716630848044, 0.48938498515621776, 0.4375400212908381, 0.12187403604925086, 0.29829767218362596, 0.45044024366813107, 0.3643992640232997, 0.10955884093568695, 0.4228985700412572, 0.25932851408843505, 0.2586398230022648, 0.24082493273527436, 0.30617009578176135, 0.5378403950997193, 0.35516965683440266, 0.0714938915092284, 0.501547880559145, 0.18359434688060863, 
0
0.6635002692477391, 0.3950218148549719, 1.0, 0.023357275670170173, 0.6956561435057496, 0.877016529373669, 0.6385470181640486, 0.496562168515785, 0.2882018602506425, 0.7497409085558144, 0.6178439745392934, 0.45460917597692335, 0.6808889522278407, 0.778895157631935, 0.41324346614421004, 0.500189443777624, 0.7896993368137685, 0.6097077897149483, 0.529157878914474, 0.5045843450396077, 0.27806434146945463, 0.05711902596545332, 0.10683526621490143, 0.13581680099721627, 0.08201284554804938, 0.0, 0.3945493362671106, 0.24969801874261066, 0.019687832466651324, 0.453573151010139, 0.21665075246808227, 0.21814338966200192, 0.5162716630848044, 0.48938498515621776, 0.4375400212908381, 0.12187403604925086, 0.29829767218362596, 0.45044024366813107, 0.3643992640232997, 0.10955884093568695, 0.4228985700412572, 0.25932851408843505, 0.2586398230022648, 0.24082493273527436, 0.30617009578176135, 0.5378403950997193, 0.35516965683440266, 0.0714938915092284, 0.501547880559145, 0.18359434688060863, 
0
0.6635002692477391, 0.3950218148549719, 1.0, 0.023357275670170173, 0.6956561435057496, 0.877016529373669, 0.6385470181640486, 0.496562168515785, 0.2882018602506425, 0.7497409085558144, 0.6178439745392934, 0.45460917597692335, 0.6808889522278407, 0.778895157631935, 0.41324346614421004, 0.500189443777624, 0.7896993368137685, 0.6097077897149483, 0.529157878914474, 0.7999749677228694, 0.27806434146945463, 0.05711902596545332, 0.10683526621490143, 0.13581680099721627, 0.08201284554804938, 0.0, 0.3945493362671106, 0.24969801874261066, 0.019687832466651324, 0.453573151010139, 0.21665075246808227, 0.21814338966200192, 0.5162716630848044, 0.48938498515621776, 0.4375400212908381, 0.12187403604925086, 0.29829767218362596, 0.45044024366813107, 0.3643992640232997, 0.10955884093568695, 0.4228985700412572, 0.25932851408843505, 0.2586398230022648, 0.24082493273527436, 0.30617009578176135, 0.5378403950997193, 0.35516965683440266, 0.0714938915092284, 0.501547880559145, 0.18359434688060863, 
0
0.6635002692477391, 0.3950218148549719, 1.0, 0.023357275670170173, 0.6956561435057496, 0.877016529373669, 0.6385470181640486, 0.496562168515785, 0.2882018602506425, 0.7497409085558144, 0.6178439745392934, 0.45460917597692335, 0.6808889522278407, 0.778895157631935, 0.41324346614421004, 0.500189443777624, 0.7896993368137685, 0.6097077897149483, 0.529157878914474, 0.7999749677228694, 0.7169532961243833, 0.05711902596545332, 0.10683526621490143, 0.13581680099721627, 0.08201284554804938, 0.0, 0.3945493362671106, 0.24969801874261066, 0.019687832466651324, 0.453573151010139, 0.21665075246808227, 0.21814338966200192, 0.5162716630848044, 0.48938498515621776, 0.4375400212908381, 0.12187403604925086, 0.29829767218362596, 0.45044024366813107, 0.3643992640232997, 0.10955884093568695, 0.4228985700412572, 0.25932851408843505, 0.2586398230022648, 0.24082493273527436, 0.30617009578176135, 0.5378403950997193, 0.35516965683440266, 0.0714938915092284, 0.501547880559145, 0.18359434688060863, 
0
0.6635002692477391, 0.3950218148549719, 1.0, 0.023357275670170173, 0.6956561435057496, 0.877016529373669, 0.6385470181640486, 0.496562168515785, 0.2882018602506425, 0.7497409085558144, 0.6178439745392934, 0.45460917597692335, 0.6808889522278407, 0.778895157631935, 0.41324346614421004, 0.500189443777624, 0.7896993368137685, 0.6097077897149483, 0.529157878914474, 0.7999749677228694, 0.7169532961243833, 0.24296225573605393, 0.10683526621490143, 0.13581680099721627, 0.08201284554804938, 0.0, 0.3945493362671106, 0.24969801874261066, 0.019687832466651324, 0.453573151010139, 0.21665075246808227, 0.21814338966200192, 0.5162716630848044, 0.48938498515621776, 0.4375400212908381, 0.12187403604925086, 0.29829767218362596, 0.45044024366813107, 0.3643992640232997, 0.10955884093568695, 0.4228985700412572, 0.25932851408843505, 0.2586398230022648, 0.24082493273527436, 0.30617009578176135, 0.5378403950997193, 0.35516965683440266, 0.0714938915092284, 0.501547880559145, 0.18359434688060863, 
0
0.6635002692477391, 0.3950218148549719, 1.0, 0.023357275670170173, 0.6956561435057496, 0.877016529373669, 0.6385470181640486, 0.496562168515785, 0.2882018602506425, 0.7497409085558144, 0.6178439745392934, 0.45460917597692335, 0.6808889522278407, 0.778895157631935, 0.41324346614421004, 0.500189443777624, 0.7896993368137685, 0.6097077897149483, 0.529157878914474, 0.7999749677228694, 0.7169532961243833, 0.24296225573605393, 0.39362857330062506, 0.13581680099721627, 0.08201284554804938, 0.0, 0.3945493362671106, 0.24969801874261066, 0.019687832466651324, 0.453573151010139, 0.21665075246808227, 0.21814338966200192, 0.5162716630848044, 0.48938498515621776, 0.4375400212908381, 0.12187403604925086, 0.29829767218362596, 0.45044024366813107, 0.3643992640232997, 0.10955884093568695, 0.4228985700412572, 0.25932851408843505, 0.2586398230022648, 0.24082493273527436, 0.30617009578176135, 0.5378403950997193, 0.35516965683440266, 0.0714938915092284, 0.501547880559145, 0.18359434688060863, 
0
0.6635002692477391, 0.3950218148549719, 1.0, 0.023357275670170173, 0.6956561435057496, 0.877016529373669, 0.6385470181640486, 0.496562168515785, 0.2882018602506425, 0.7497409085558144, 0.6178439745392934, 0.45460917597692335, 0.6808889522278407, 0.778895157631935, 0.41324346614421004, 0.500189443777624, 0.7896993368137685, 0.6097077897149483, 0.529157878914474, 0.7999749677228694, 0.7169532961243833, 0.24296225573605393, 0.39362857330062506, 0.13990628779988445, 0.08201284554804938, 0.0, 0.3945493362671106, 0.24969801874261066, 0.019687832466651324, 0.453573151010139, 0.21665075246808227, 0.21814338966200192, 0.5162716630848044, 0.48938498515621776, 0.4375400212908381, 0.12187403604925086, 0.29829767218362596, 0.45044024366813107, 0.3643992640232997, 0.10955884093568695, 0.4228985700412572, 0.25932851408843505, 0.2586398230022648, 0.24082493273527436, 0.30617009578176135, 0.5378403950997193, 0.35516965683440266, 0.0714938915092284, 0.501547880559145, 0.18359434688060863, 
0
0.6635002692477391, 0.3950218148549719, 1.0, 0.023357275670170173, 0.6956561435057496, 0.877016529373669, 0.6385470181640486, 0.496562168515785, 0.2882018602506425, 0.7497409085558144, 0.6178439745392934, 0.45460917597692335, 0.6808889522278407, 0.778895157631935, 0.41324346614421004, 0.500189443777624, 0.7896993368137685, 0.6097077897149483, 0.529157878914474, 0.7999749677228694, 0.7169532961243833, 0.24296225573605393, 0.39362857330062506, 0.13990628779988445, 0.578670825343225, 0.0, 0.3945493362671106, 0.24969801874261066, 0.019687832466651324, 0.453573151010139, 0.21665075246808227, 0.21814338966200192, 0.5162716630848044, 0.48938498515621776, 0.4375400212908381, 0.12187403604925086, 0.29829767218362596, 0.45044024366813107, 0.3643992640232997, 0.10955884093568695, 0.4228985700412572, 0.25932851408843505, 0.2586398230022648, 0.24082493273527436, 0.30617009578176135, 0.5378403950997193, 0.35516965683440266, 0.0714938915092284, 0.501547880559145, 0.18359434688060863, 
0
0.656742268537829, 0.38287190021596085, 1.0, 0.003743137466866156, 0.6895439365400949, 0.8745466243311243, 0.6312878756310496, 0.48645151191894304, 0.27390665614160786, 0.7447148982411542, 0.6101690480673277, 0.4436559678786979, 0.6744801723974281, 0.7744546587395658, 0.40145950107690626, 0.49015163457575545, 0.7854758207118985, 0.6018694623906373, 0.5197018493912464, 0.7959578194561927, 0.7112688047238912, 0.22775849434900253, 0.38145067787425263, 0.12263282994408359, 0.5702091755966683, 0.2022410394287822, 0.38238993273304145, 0.2346295332176776, 0.0, 0.4425991361866143, 0.20091857117006617, 0.20244118533660807, 0.5065568367550228, 0.47913018755180153, 0.42624400947259694, 0.10423843237580066, 0.2842052245643445, 0.43940330995312904, 0.35163434972352503, 0.09167590839473932, 0.4113085106238766, 0.24445343999428787, 0.24375091776822685, 0.22557824700375387, 0.2922357518380637, 0.5285587385259515, 0.34221938223197534, 0.05284649192198741, 0.4915373531524606, 0.16719828626260674, 
0
0.656742268537829, 0.38287190021596085, 1.0, 0.003743137466866156, 0.6895439365400949, 0.8745466243311243, 0.6312878756310496, 0.48645151191894304, 0.27390665614160786, 0.7447148982411542, 0.6101690480673277, 0.4436559678786979, 0.6744801723974281, 0.7744546587395658, 0.40145950107690626, 0.49015163457575545, 0.7854758207118985, 0.6018694623906373, 0.5197018493912464, 0.7959578194561927, 0.7112688047238912, 0.22775849434900253, 0.38145067787425263, 0.12263282994408359, 0.5702091755966683, 0.2022410394287822, 0.5914208543624735, 0.2346295332176776, 0.0, 0.4425991361866143, 0.20091857117006617, 0.20244118533660807, 0.5065568367550228, 0.47913018755180153, 0.42624400947259694, 0.10423843237580066, 0.2842052245643445, 0.43940330995312904, 0.35163434972352503, 0.09167590839473932, 0.4113085106238766, 0.24445343999428787, 0.24375091776822685, 0.22557824700375387, 0.2922357518380637, 0.5285587385259515, 0.34221938223197534, 0.05284649192198741, 0.4915373531524606, 0.16719828626260674, 
0
0.656742268537829, 0.38287190021596085, 1.0, 0.003743137466866156, 0.6895439365400949, 0.8745466243311243, 0.6312878756310496, 0.48645151191894304, 0.27390665614160786, 0.7447148982411542, 0.6101690480673277, 0.4436559678786979, 0.6744801723974281, 0.7744546587395658, 0.40145950107690626, 0.49015163457575545, 0.7854758207118985, 0.6018694623906373, 0.5197018493912464, 0.7959578194561927, 0.7112688047238912, 0.22775849434900253, 0.38145067787425263, 0.12263282994408359, 0.5702091755966683, 0.2022410394287822, 0.5914208543624735, 0.6112446615481408, 0.0, 0.4425991361866143, 0.20091857117006617, 0.20244118533660807, 0.5065568367550228, 0.47913018755180153, 0.42624400947259694, 0.10423843237580066, 0.2842052245643445, 0.43940330995312904, 0.35163434972352503, 0.09167590839473932, 0.4113085106238766, 0.24445343999428787, 0.24375091776822685, 0.22557824700375387, 0.2922357518380637, 0.5285587385259515, 0.34221938223197534, 0.05284649192198741, 0.4915373531524606, 0.16719828626260674, 
0
0.6554525801815947, 0.3805532257866735, 1.0, 0.0, 0.6883774906498275, 0.8740752707590977, 0.6299025499995613, 0.48452200692973674, 0.2711785773678989, 0.7437557407537, 0.6087043747518406, 0.4415656714206081, 0.6732571289146371, 0.7736072395155693, 0.39921066400364463, 0.4882360316917888, 0.784669810210751, 0.6003736058619906, 0.5178972726094725, 0.7951911919331736, 0.71018398353416, 0.22485702764701004, 0.37912666362669545, 0.1193363849709626, 0.5685943650008859, 0.19924369851486398, 0.5898857403113367, 0.6097840295289009, 0.35426613300025167, 0.44050486899923613, 0.19791626147683603, 0.19944459641113238, 0.5047028715161637, 0.47717317487398964, 0.4240882927837088, 0.1008728759502946, 0.281515839584142, 0.4372970354036317, 0.349198309532436, 0.08826315203921486, 0.40909667826097956, 0.24161469956189743, 0.2409095378184945, 0.22266858867384698, 0.2895765391644695, 0.5267874388585512, 0.3397479681138478, 0.04928784563678543, 0.4896269566919758, 0.16406928267488277, 
0
0.6554525801815947, 0.3805532257866735, 1.0, 0.0, 0.6883774906498275, 0.8740752707590977, 0.6299025499995613, 0.48452200692973674, 0.2711785773678989, 0.7437557407537, 0.6087043747518406, 0.4415656714206081, 0.6732571289146371, 0.7736072395155693, 0.39921066400364463, 0.4882360316917888, 0.784669810210751, 0.6003736058619906, 0.5178972726094725, 0.7951911919331736, 0.71018398353416, 0.22485702764701004, 0.37912666362669545, 0.1193363849709626, 0.5685943650008859, 0.19924369851486398, 0.5898857403113367, 0.6097840295289009, 0.35426613300025167, 0.4447832914084471, 0.19791626147683603, 0.19944459641113238, 0.5047028715161637, 0.47717317487398964, 0.4240882927837088, 0.1008728759502946, 0.281515839584142, 0.4372970354036317, 0.349198309532436, 0.08826315203921486, 0.40909667826097956, 0.24161469956189743, 0.2409095378184945, 0.22266858867384698, 0.2895765391644695, 0.5267874388585512, 0.3397479681138478, 0.04928784563678543, 0.4896269566919758, 0.16406928267488277, 
0
0.6554525801815947, 0.3805532257866735, 1.0, 0.0, 0.6883774906498275, 0.8740752707590977, 0.6299025499995613, 0.48452200692973674, 0.2711785773678989, 0.7437557407537, 0.6087043747518406, 0.4415656714206081, 0.6732571289146371, 0.7736072395155693, 0.39921066400364463, 0.4882360316917888, 0.784669810210751, 0.6003736058619906, 0.5178972726094725, 0.7951911919331736, 0.71018398353416, 0.22485702764701004, 0.37912666362669545, 0.1193363849709626, 0.5685943650008859, 0.19924369851486398, 0.5898857403113367, 0.6097840295289009, 0.35426613300025167, 0.4447832914084471, 0.638911870773366, 0.19944459641113238, 0.5047028715161637, 0.47717317487398964, 0.4240882927837088, 0.1008728759502946, 0.281515839584142, 0.4372970354036317, 0.349198309532436, 0.08826315203921486, 0.40909667826097956, 0.24161469956189743, 0.2409095378184945, 0.22266858867384698, 0.2895765391644695, 0.5267874388585512, 0.3397479681138478, 0.04928784563678543, 0.4896269566919758, 0.16406928267488277, 
0
0.6554525801815947, 0.3805532257866735, 1.0, 0.0, 0.6883774906498275, 0.8740752707590977, 0.6299025499995613, 0.48452200692973674, 0.2711785773678989, 0.7437557407537, 0.6087043747518406, 0.4415656714206081, 0.6732571289146371, 0.7736072395155693, 0.39921066400364463, 0.4882360316917888, 0.784669810210751, 0.6003736058619906, 0.5178972726094725, 0.7951911919331736, 0.71018398353416, 0.22485702764701004, 0.37912666362669545, 0.1193363849709626, 0.5685943650008859, 0.19924369851486398, 0.5898857403113367, 0.6097840295289009, 0.35426613300025167, 0.4447832914084471, 0.638911870773366, 0.4936180552737612, 0.5047028715161637, 0.47717317487398964, 0.4240882927837088, 0.1008728759502946, 0.281515839584142, 0.4372970354036317, 0.349198309532436, 0.08826315203921486, 0.40909667826097956, 0.24161469956189743, 0.2409095378184945, 0.22266858867384698, 0.2895765391644695, 0.5267874388585512, 0.3397479681138478, 0.04928784563678543, 0.4896269566919758, 0.16406928267488277, 
0
0.6554525801815947, 0.3805532257866735, 1.0, 0.0, 0.6883774906498275, 0.8740752707590977, 0.6299025499995613, 0.48452200692973674, 0.2711785773678989, 0.7437557407537, 0.6087043747518406, 0.4415656714206081, 0.6732571289146371, 0.7736072395155693, 0.39921066400364463, 0.4882360316917888, 0.784669810210751, 0.6003736058619906, 0.5178972726094725, 0.7951911919331736, 0.71018398353416, 0.22485702764701004, 0.37912666362669545, 0.1193363849709626, 0.5685943650008859, 0.19924369851486398, 0.5898857403113367, 0.6097840295289009, 0.35426613300025167, 0.4447832914084471, 0.638911870773366, 0.4936180552737612, 0.7104484600300838, 0.47717317487398964, 0.4240882927837088, 0.1008728759502946, 0.281515839584142, 0.4372970354036317, 0.349198309532436, 0.08826315203921486, 0.40909667826097956, 0.24161469956189743, 0.2409095378184945, 0.22266858867384698, 0.2895765391644695, 0.5267874388585512, 0.3397479681138478, 0.04928784563678543, 0.4896269566919758, 0.16406928267488277, 
0
0.6554525801815947, 0.3805532257866735, 1.0, 0.0, 0.6883774906498275, 0.8740752707590977, 0.6299025499995613, 0.48452200692973674, 0.2711785773678989, 0.7437557407537, 0.6087043747518406, 0.4415656714206081, 0.6732571289146371, 0.7736072395155693, 0.39921066400364463, 0.4882360316917888, 0.784669810210751, 0.6003736058619906, 0.5178972726094725, 0.7951911919331736, 0.71018398353416, 0.22485702764701004, 0.37912666362669545, 0.1193363849709626, 0.5685943650008859, 0.19924369851486398, 0.5898857403113367, 0.6097840295289009, 0.35426613300025167, 0.4447832914084471, 0.638911870773366, 0.4936180552737612, 0.7104484600300838, 0.8584110049449186, 0.4240882927837088, 0.1008728759502946, 0.281515839584142, 0.4372970354036317, 0.349198309532436, 0.08826315203921486, 0.40909667826097956, 0.24161469956189743, 0.2409095378184945, 0.22266858867384698, 0.2895765391644695, 0.5267874388585512, 0.3397479681138478, 0.04928784563678543, 0.4896269566919758, 0.16406928267488277, 
0
0.6554525801815947, 0.3805532257866735, 1.0, 0.0, 0.6883774906498275, 0.8740752707590977, 0.6299025499995613, 0.48452200692973674, 0.2711785773678989, 0.7437557407537, 0.6087043747518406, 0.4415656714206081, 0.6732571289146371, 0.7736072395155693, 0.39921066400364463, 0.4882360316917888, 0.784669810210751, 0.6003736058619906, 0.5178972726094725, 0.7951911919331736, 0.71018398353416, 0.22485702764701004, 0.37912666362669545, 0.1193363849709626, 0.5685943650008859, 0.19924369851486398, 0.5898857403113367, 0.6097840295289009, 0.35426613300025167, 0.4447832914084471, 0.638911870773366, 0.4936180552737612, 0.7104484600300838, 0.8584110049449186, 0.9543620771220914, 0.1008728759502946, 0.281515839584142, 0.4372970354036317, 0.349198309532436, 0.08826315203921486, 0.40909667826097956, 0.24161469956189743, 0.2409095378184945, 0.22266858867384698, 0.2895765391644695, 0.5267874388585512, 0.3397479681138478, 0.04928784563678543, 0.4896269566919758, 0.16406928267488277, 
