-0.38192892,0.17149305,-0.77774966,-0.75294447,-0.35017252,0.72569704,0.65908194,0.570794,-0.37387216,-0.72634554,-0.35612786,0.9205874,0.52156484,0.74352086,-0.82892656,-0.59998226,
0.94320905,0.77587533,-0.5234244,-0.04209149,-0.91701853,-0.3026005,0.87358737,0.39396572,0.25793958,-0.5871073,0.9522532,0.53710735,-0.61448276,-0.68271255,-0.23465276,0.24967587,
0.9575405,0.0793339,-0.6493474,-0.39510715,-0.08396673,-0.19448602,0.8724698,-0.7655053,-0.97105,0.7132572,-0.56305504,0.07394409,-0.49562693,0.055748582,-0.35078657,-0.7013079,
0.44986105,-0.04595983,-0.6290091,0.1091584,-0.35875964,-0.081618905,0.93950534,0.4144416,0.3725456,-0.67455673,-0.752812,-0.43002748,-0.42510736,-0.68334246,0.42991483,-0.8009088,
-0.5439372,0.63874304,-0.92528224,0.5129521,-0.5853292,0.9632031,0.32015467,0.80015814,-0.41140902,0.6848787,0.35842824,-0.6315249,-0.07515156,0.56662166,0.63728,-0.61349785,
-0.18794858,0.6884868,0.66328037,0.6312798,-0.31466174,-0.62325084,0.9682908,0.8188453,0.7170396,0.8146565,0.786374,0.56231904,0.5518228,-0.27012384,-0.5259315,-0.75056267,
0.50044775,-0.37218928,0.9848589,-0.62110794,-0.8399906,-0.97018576,-0.6955055,-0.46882093,0.9877231,0.77162623,0.24560583,-0.67031264,0.23468137,-0.7299069,0.5417242,0.4005649,
-0.7513343,-0.013844609,0.3519627,-0.8672755,-0.6845701,0.61319387,0.68088496,0.586447,-0.23734534,-0.18839419,0.54305923,-0.6772121,0.24940825,-0.37202477,-0.26427066,-0.98824286,
0.1855067,0.9607909,-0.56668293,-0.11980784,-0.17228329,0.4784726,-0.4822867,-0.9466028,-0.16429603,-0.7742392,-0.1559639,-0.12807775,-0.4382335,-0.5865712,0.34266222,-0.35627973,
-0.6300132,-0.34288692,-0.32743382,0.43123937,-0.7647697,0.16352022,0.36765027,0.61068034,0.8485825,0.8684752,0.7640821,0.7410691,0.70923555,-0.96925163,0.9305564,-0.046541095,
0.40144002,0.7405101,0.4193238,-0.7945956,-0.6982752,0.65406513,-0.6277021,-0.7688196,-0.7991605,0.7123548,0.8375839,0.8916044,0.5148778,0.80196524,0.78965735,0.17594886,
-0.47137475,0.113079906,0.7916359,-0.7089809,0.091457486,0.2088939,0.40549552,0.9604682,-0.9344698,0.91812193,0.56409156,-0.6694603,-0.29533327,0.6917912,0.26270497,0.45539272,
0.8523352,0.5359782,-0.4321667,-0.5993321,-0.22538483,-0.035836935,-0.85159385,0.67661774,-0.32942617,-0.27659738,0.9209751,0.2513206,-0.38503683,-0.2813946,0.87691224,0.22720766,
0.78391135,0.8587444,0.56320465,-0.11363244,0.9623287,0.30690885,0.18908238,0.9668758,-0.64384496,-0.5347651,-0.20263064,-0.2202251,-0.107654214,-0.19978511,0.10092008,0.68023646,
0.24448705,-0.69865394,-0.62351096,-0.16012001,-0.12394512,0.053716063,0.58513916,0.944644,-0.5086149,-0.55524814,-0.97212887,0.94762933,-0.9714428,0.5023105,-0.5161922,0.34377444,
-0.02849698,0.68708,0.87482226,-0.13865972,-0.2882445,0.34896743,-0.6605058,-0.12598395,-0.26258075,0.44797456,-0.24079084,0.56555986,0.06621194,0.86547565,-0.0017075539,0.67374897,
0.5743058,0.56326437,-0.45247984,0.9243603,0.33092284,-0.9850421,0.78331316,-0.49384892,0.049037814,-0.61323524,0.6918856,-0.9718405,-0.8521267,0.2106129,0.9640461,-0.27755845,
0.5083401,0.15313852,0.87783086,0.97090507,0.54192185,-0.79469633,-0.21175075,0.49086428,0.004925847,0.46214116,0.18336153,-0.74871624,-0.5446211,0.014708042,0.18364644,0.43800104,
-0.9135505,0.18348968,0.15786064,0.74935055,0.6667175,0.6524489,-0.8706367,0.59824777,0.84681976,0.05968845,-0.07333505,-0.31561077,-0.39092302,-0.10755205,0.689723,0.15886426,
-0.98446476,0.13704503,-0.7942213,0.87996054,0.6261883,-0.0058921576,-0.87956095,0.5175568,-0.3070563,-0.5800396,0.96966493,0.14552438,-0.8224275,0.049837828,0.54554045,0.040509343,
-0.16889405,-0.18174839,-0.75236714,0.5819093,-0.9525399,0.55350375,0.02014041,0.36374378,-0.94543767,-0.13516998,0.781554,0.16589415,-0.47880936,-0.9135828,0.24600244,0.44633603,
-0.23345709,0.46027493,0.7470362,-0.6031593,-0.6237873,-0.803951,-0.7093617,-0.7131392,-0.84320664,-0.42085624,-0.78443015,0.47887194,0.3009634,-0.15618396,-0.42231452,0.16231811,
0.49886453,-0.40727007,0.8761972,0.5405762,-0.6363133,-0.69006634,-0.25014377,-0.8202423,-0.6290715,-0.55744946,0.0236907,0.063610435,-0.29808998,-0.44356823,0.91374433,-0.7737944,
-0.3205577,0.8651577,0.67037237,0.14374459,-0.46249723,0.111642,0.29789484,0.631086,0.2935027,0.81285,0.36811197,-0.74282944,0.892601,0.7694391,-0.54846203,0.26962733,
0.43245518,0.2164818,0.2144537,0.34573138,0.11657488,-0.41716754,0.45272732,-0.36149633,0.5082303,0.50884557,0.80411255,-0.7523583,-0.17950213,-0.4885738,-0.47818363,-0.8231075,
-0.9588866,-0.9874395,0.12931097,0.115115404,-0.0817188,-0.36069906,-0.17334902,0.81027305,-0.8446424,-0.8832966,0.59087515,0.9259232,0.5864366,0.26230085,-0.42052233,0.3346299,
-0.60689676,0.29359293,-0.623579,-0.053736925,0.6663623,0.9640801,0.57367,-0.28658915,-0.87825465,0.04611516,-0.85692716,-0.5482267,0.9001782,-0.8810923,-0.22364485,0.09087038,
-0.49557948,-0.6652485,-0.27742076,-0.27512968,0.79574895,0.7806616,0.34018946,0.053799868,-0.7713779,0.8154942,0.5533751,0.5054147,0.9754561,-0.85617197,0.61414623,0.6006459,
0.18794394,0.7207067,-0.3369608,0.27960765,0.24481499,0.7135743,-0.78333426,0.68369126,0.91919947,-0.8058237,0.732741,-0.3300526,0.4758277,0.50903165,0.5991216,-0.014858961,
-0.07953441,0.9686612,-0.3997699,0.5543244,-0.2739712,-0.567734,-0.8302772,0.6906245,0.79197896,0.42123485,0.5989294,0.0074409246,0.2067442,-0.35277736,0.68715334,-0.11503303,
-0.05731666,0.38918388,-0.9264157,-0.5236571,0.33866167,-0.3315289,0.80434847,-0.60558736,-0.6378777,0.69938445,0.7100227,-0.46356487,0.3389157,-0.0058670044,-0.44047546,-0.081539035,
0.19596744,0.9895526,-0.27937806,0.12566495,0.079965115,-0.79440427,-0.8006152,-0.72951925,0.038112998,0.31877613,-0.93276227,0.2904302,0.91459,-0.16972494,0.8486109,-0.34464812,
-0.66444206,-0.2320267,-0.6317501,0.09643245,-0.8780385,-0.060346127,-0.1625886,-0.57754254,-0.42328215,-0.011060715,0.6384064,-0.14675355,-0.5118902,-0.09014845,0.20407414,-0.89286995,
-0.8034159,-0.30189407,0.73122525,-0.53681314,-0.23649883,-0.431368,0.6352031,-0.012010574,-0.30448532,-0.34067905,-0.99605,0.11411238,-0.71948886,-0.8302326,0.89329493,0.5041014,
0.10597134,-0.023901582,0.8288019,0.13232791,0.44290102,0.7223041,-0.11069405,-0.7419046,-0.4984306,-0.7086917,0.3270625,-0.41075647,-0.1603558,0.004016757,-0.15377855,-0.8671161,
0.50246215,-0.25197995,0.2212547,-0.9302881,0.5417477,-0.60927224,-0.19902217,0.37360275,0.04048252,0.30132544,-0.3682356,-0.7627864,-0.061301112,0.4891466,0.51614153,0.6143553,
-0.36846483,0.5740074,-0.9915509,0.7160789,0.25332868,0.72405505,-0.81265545,0.28515065,0.992988,0.45072877,0.58786404,0.93335557,-0.40356982,-0.9847847,0.5420028,-0.14913118,
-0.029319763,-0.069431424,0.5377389,0.123449326,-0.39043903,0.8990114,0.0684247,-0.84942126,0.41215134,0.15905905,0.27400124,-0.973984,0.22284317,0.099054456,-0.0021369457,0.71602046,
0.25446212,-0.791355,0.18913662,-0.06373441,-0.48746395,0.70930815,0.74894667,-0.730945,0.57244396,-0.306288,0.056527138,0.853758,-0.4226612,-0.45421004,0.70627284,-0.58479,
-0.8649907,0.98251224,0.23640561,-0.64297664,0.63415694,-0.44957554,-0.04819858,-0.3019464,-0.23688304,0.73942816,-0.38913715,-0.2082721,0.061376095,0.8291149,-0.19528997,-0.8218478,
-0.3375926,0.41652,-0.36741364,-0.34989882,0.6116941,0.6066284,0.7508173,-0.60817385,0.12686956,-0.61061394,-0.99894094,0.6408198,0.7778212,0.29126036,0.8566731,-0.32305717,
-0.30276597,0.91100454,0.72851515,-0.8372272,-0.3110379,-0.14826262,-0.46640384,0.31025648,0.17807996,-0.66333175,-0.9917098,0.13274217,0.17827249,-0.0013186932,-0.17767465,-0.8087419,
-0.77372336,0.0820111,0.8350084,-0.5581658,-0.2304641,0.9437448,0.9550345,-0.71215534,-0.5394782,0.37564123,-0.4387939,0.19321525,0.97014165,-0.65581393,0.03163922,0.028316975,
0.113125324,0.12152636,0.36459386,0.20521474,-0.7892647,-0.2853905,-0.90095365,0.7857616,0.61233413,0.7125778,-0.2564608,-0.12713587,0.09537125,-0.47671282,-0.78285134,-0.084510565,
-0.5892168,0.30569816,0.34520864,0.23726249,0.067166805,0.25880802,0.10129833,0.7471093,0.8516182,0.55290425,0.31191826,0.25113475,0.9943584,-0.5424849,0.1465298,0.9355279,
-0.41676557,0.7115803,0.5522251,0.22254992,0.4084561,0.53936493,0.91085243,-0.51559246,-0.06341243,0.0487504,0.7770517,0.46348643,-0.5878464,-0.47224736,-0.5539782,0.84926534,
0.7514733,0.58189297,0.9087682,-0.12636161,0.6503695,-0.93425965,0.35715365,0.0075722933,-0.7005669,0.8117213,0.59417117,0.24981165,0.15195775,0.62545896,0.52835894,0.6100358,
0.81343114,0.30426872,0.4302355,-0.9447415,-0.8467554,-0.5637156,0.12528181,-0.6995944,-0.52351713,-0.5203663,-0.6095555,0.5201678,0.45843935,0.7050561,0.75566757,0.11721802,
-0.6103716,-0.68071187,0.040270686,0.013637662,-0.13223553,0.18549287,0.5123098,0.13057959,0.9755595,0.8752023,0.8316723,0.9975028,0.28116393,0.49210393,0.5694636,-0.29101264,
-0.4417498,-0.07639766,-0.08541012,-0.67651486,0.1606363,-0.59525144,0.017006397,0.7467176,-0.98753047,-0.9046372,0.47228456,0.8972118,-0.005531788,0.023028255,-0.08610606,-0.060357094,

